ConvexHull 1
-2 23
5 3
48 -2
-38 -43
30 33
-30 45
-12 -30
-12 -12
11 11
-1 -30
-44 3
29 -16
-30 -2
-36 -37
12 22
-6 -46
-15 -10
-37 -30
-18 -1
-12 -6
-33 13
29 5
-14 -19
39 -41
-15 31
33 -33
8 -10
-35 -12
-42 6
-38 0
-33 -1
-2 34
15 5
-2 35
36 1
-9 23
-44 -3
-27 -50
-37 20
-28 -18
-43 -32
23 -38
-48 26
46 -42
-9 -23
-23 -26
-18 -26
26 28
-27 -28
-33 -34
14 -43
29 47
1 -49
40 -48
7 45
-4 -30
48 -40
26 -26
-31 -46
16 -9
-35 -9
25 5
16 -48
11 -33
0 -46
14 -49
-25 27
-33 35
21 22
45 26
21 36
36 -12
10 9
-14 -34
-15 -36
-47 -41
-19 14
-8 25
35 35
25 -3
35 -18
18 20
-5 -19
-4 24
22 -10
40 25
-28 -26
-42 17
40 37
-36 -38
24 43
16 -10
-42 -35
18 45
11 -33
43 6
36 -32
-16 5
-15 46
7 -47
41 7
-40 7
-34 -1
-11 31
29 -36
-30 6
39 -45
-17 -16
44 48
45 -45
-39 -48
-24 23
-1 -12
29 -30
41 42
7 -21
44 -30
30 33
7 -40
6 15
11 38
-18 26
-2 -1
-41 -39
24 10
-34 21
-26 16
-27 25
-32 9
46 37
-6 44
-35 5
-35 36
49 28
-12 25
29 -47
-48 -19
7 42
34 3
37 -16
-13 46
-28 -36
32 43
-24 34
-35 42
3 -2
-7 -2
12 -32
-41 24
-15 -4
33 -19
7 -34
42 19
18 49
-12 34
10 -11
40 -6
-30 -7
-21 43
7 -1
-42 -19
-39 16
-37 35
-1 19
-16 -27
-19 26
18 -47
36 39
22 -38
-27 -49
-31 -25
-28 -15
36 -10
35 -36
-16 -9
18 -4
41 37
0 -33
49 12
-42 -38
1 -32
2 43
6 -33
39 -20
29 -14
10 -17
-1 3
42 28
-6 -34
-42 -31
-32 -22
-33 -29
9 -50
14 -39
-39 -16
49 29
-9 29
21 -20
35 -33
-20 -11
28 -10
-6 -45
16 34
-32 -28
-21 42
15 20
36 21
41 15
-20 24
-23 -36
-4 -17
-10 17
6 12
-5 -35
-9 46
18 36
-19 31
-47 28
7 17
49 -24
-44 -7
-37 44
9 -15
-31 -39
-39 -5
19 -35
43 -26
-40 24
5 46
42 40
47 -12
-37 9
5 -17
-33 -13
45 14
26 -28
-13 -48
-32 -33
-1 -17
-28 -29
-40 -32
25 9
-8 39
50 38
10 17
48 20
26 32
11 -45
18 -26
-40 -40
-18 -38
43 24
-8 -44
-46 -1
-18 -44
-4 14
-19 -13
41 44
-20 -15
26 19
-30 -41
-28 39
-6 14
6 6
-38 11
-34 -5
6 12
-49 5
-2 44
4 -3
5 34
-41 -15
-12 20
32 22
42 2
-19 8
-24 -20
13 -19
-2 -6
20 26
-20 -1
-42 -35
-2 -13
37 -4
-22 -46
33 11
-28 -44
18 -42
-44 -28
4 37
18 25
-35 10
-2 -33
-32 46
34 -12
41 -46
-22 11
42 -46
-4 12
-17 47
-7 18
-29 -2
34 -5
-13 -46
-50 -18
-1 14
6 21
-43 -35
-28 -19
32 34
6 -43
6 -23
-48 -15
27 26
-33 48
15 -20
20 -37
19 8
-21 16
-37 -41
-48 -41
-41 -39
4 7
34 -10
-19 -25
32 47
27 0
-23 30
20 2
-30 15
4 -42
-16 21
46 -34
-16 28
9 30
-17 -14
-9 25
40 -12
10 39
-20 34
-28 -46
50 -28
-29 -15
-36 -28
-44 -16
25 2
49 -5
-33 -14
-41 -40
-29 0
-26 -8
-27 10
17 -3
15 49
-2 10
9 33
-50 -11
31 -41
49 2
-20 37
-13 50
37 21
-7 -7
33 32
-18 -40
-48 31
8 -25
-7 -18
40 15
45 -37
-28 20
-11 -36
50 -28
47 -43
48 -5
-18 -8
9 -37
6 -12
35 4
-2 36
10 -37
23 4
-38 -9
17 43
-8 -42
3 -22
24 22
-46 -48
-16 16
41 10
11 -5
47 26
-49 -29
9 -9
-12 -42
-8 42
31 25
50 -15
-35 18
-46 8
29 26
44 1
-22 41
-11 -43
27 -10
-43 0
22 3
46 24
0 -4
-19 -29
-45 41
29 -36
-49 -24
8 -27
-45 -8
23 -10
1 18
9 6
-49 -12
-18 30
46 15
31 -25
49 -22
-36 -37
-48 -44
-29 35
30 -31
-37 -2
-25 50
-41 8
32 36
-44 -23
50 27
36 -19
-8 27
11 -44
46 -8
-2 49
17 -22
20 -8
-13 9
6 -11
27 38
-46 -14
-21 -25
46 -13
44 -16
25 -10
-43 20
-45 -24
-16 -31
8 -40
9 -10
12 -40
-9 38
-30 -11
-27 -3
17 -26
46 -2
-22 12
28 2
38 -31
-30 26
-28 -29
-11 4
12 44
13 -25
-49 11
50 13
-42 42
-8 -20
24 6
-4 -32
38 -26
14 11
16 8
21 6
-33 -22
-21 45
9 -39
13 -16
18 12
17 47
-43 -27
6 -22
30 6
20 -42
-17 21
3 40
18 47
-1 -47
37 -33
37 14
30 -45
-10 16
49 -38
34 25
21 -19
-9 -9
33 -35
