Farthest 1
37 -47
11 -32
10 -12
14 -43
32 45
-37 -6
-12 -11
-29 -32
13 -13
40 22
11 27
-9 -33
20 23
-28 31
-3 18
-19 34
48 4
29 -7
-43 6
39 -48
-38 7
37 -41
-2 38
42 10
26 28
36 35
36 -29
-31 -28
29 -12
-13 -39
2 -15
47 -45
-7 -6
4 -49
-7 11
46 -14
-27 42
-10 -32
2 8
1 -29
-13 41
-47 45
18 -43
21 -5
7 -31
32 -19
-7 -2
1 0
34 38
-20 -49
29 31
-19 19
46 -27
28 -6
39 -34
28 -36
36 -38
24 -28
-34 -15
-11 32
37 -37
-2 -18
-43 43
-47 -6
33 7
2 -14
-35 -27
-14 -43
-10 -1
-2 35
2 -28
27 -23
19 50
-6 -48
14 1
28 -37
-42 -44
41 48
17 8
48 27
-17 16
-39 21
-35 7
-3 -48
10 23
-42 -45
-43 0
35 6
-12 19
-31 25
-34 37
34 -28
45 -30
25 38
-25 49
29 40
-32 -31
-9 25
17 48
-45 47
