GrahamScan 1
13 -49
45 3
27 14
-19 -46
-6 -48
9 18
-32 -13
15 -1
47 1
-27 18
-48 26
-8 25
45 33
-44 -15
-36 -31
31 -20
-13 -49
-37 48
12 38
23 34
-29 -10
39 -39
7 10
-23 -5
-7 21
32 35
35 15
29 46
25 -40
12 48
-42 29
-3 -10
-46 -19
4 24
34 -38
27 -22
50 50
-38 -20
-42 44
-33 -30
-14 -40
14 -39
-24 22
-22 -44
22 23
-32 -13
47 -49
38 26
34 -49
25 -10
43 41
-18 30
37 -19
-38 33
-18 2
-22 32
46 -18
24 -35
-20 10
18 -39
-35 26
29 42
12 -49
26 40
-41 -49
31 40
-36 36
18 -50
23 3
-12 35
-2 -32
31 -7
22 4
2 32
25 39
14 -3
49 8
45 38
-3 34
-26 -48
0 42
-12 33
14 33
-38 48
-29 -3
3 -30
14 28
-10 -9
-6 -5
-16 -4
-25 49
-4 5
-42 -20
5 12
16 37
36 48
-43 7
-19 -44
-39 3
-32 19
