Point
27 36
-15 -21
38 -7
43 22
8 6
4 -18
43 -32
-34 26
33 -46
-13 -22
14 -19
-21 -43
-16 38
28 26
32 -45
39 -1
-15 -12
16 -4
42 25
-1 4
20 -17
7 -25
32 8
31 -46
1 -31
-46 7
-31 50
-10 -32
-26 37
-10 27
31 -31
27 -26
4 27
-33 45
-25 -14
-9 21
-36 -15
-45 22
-24 8
-11 18
4 26
-38 -5
-49 10
32 -1
-1 37
-23 -27
25 -28
-46 -13
47 11
3 -44
12 -12
0 44
-10 8
4 3
11 45
22 6
-23 -16
-48 26
-44 -8
-16 38
5 11
-9 18
6 -7
36 -14
44 -43
19 28
44 47
-48 45
-26 9
-47 -9
-10 32
28 3
-38 29
35 -34
33 7
24 45
-14 -47
25 -12
-40 40
-31 -38
-28 -18
35 -19
-49 11
-36 -46
12 36
-50 16
-46 -32
29 46
0 -35
-49 -24
-50 -32
-1 -16
8 27
-3 -21
-43 30
47 20
-32 -11
41 17
-43 32
35 19
40 0
-7 -42
45 -26
35 40
44 16
-14 26
16 -4
46 -6
-34 38
-15 -35
-35 -5
22 5
-30 -38
39 11
50 -49
29 -6
-14 -4
-26 -23
29 27
-12 19
12 -10
21 -39
-44 -12
14 -7
45 -30
-36 17
-45 -25
-39 -6
-44 -22
-12 -16
-26 -22
0 -12
26 -31
-1 -45
-49 43
47 16
-43 26
33 -26
1 38
-19 -22
44 -27
48 -17
8 19
7 -45
34 10
-4 -11
17 24
20 -26
-35 -23
-40 17
0 42
37 -32
5 4
15 -6
26 -27
10 15
-44 29
-1 -35
-16 31
44 -31
50 11
-36 -16
-4 37
-8 -26
9 -22
-22 -32
-45 -7
-20 -43
-40 45
14 49
-10 -15
-14 -8
38 -9
-25 -28
-41 -26
-38 -37
19 -47
35 42
19 39
-23 49
10 5
50 4
-38 -7
33 19
-37 -7
-22 50
-12 -47
37 -21
34 48
24 -12
5 10
27 12
14 -48
16 17
31 19
-23 -4
-45 11
25 48
-29 -22
-6 -37
22 4
-3 15
-28 -29
36 -47
-29 -29
4 -1
4 24
-25 -42
23 -7
47 27
15 -37
46 10
-9 22
37 -22
4 -30
17 -44
-21 5
-34 -30
-25 31
-48 35
-40 -31
-42 0
-23 -47
43 -13
13 1
23 -15
-9 -31
0 -13
49 -16
-19 -24
31 -29
28 -44
-7 -48
-2 -22
-42 13
49 22
-24 5
-16 -37
48 -39
16 33
17 -26
-41 3
7 11
21 -7
24 -8
25 -40
11 -6
-8 17
20 -32
28 21
29 7
5 -49
44 -18
18 -12
-8 8
-38 6
-11 -16
5 24
43 -13
36 0
25 8
1 41
36 30
33 -8
-14 5
24 -35
-2 -30
-39 47
-33 -46
26 -50
-12 -11
34 -17
16 34
-50 7
12 -11
-49 12
-38 -8
-32 20
-12 50
-41 32
15 -44
-32 -4
-29 23
-30 -41
-28 -35
26 4
0 -36
7 -16
-16 -24
-21 30
-2 17
-3 44
42 -20
17 -47
4 -44
-16 5
28 4
-46 48
-44 45
-11 -44
-44 -28
-24 -34
45 -31
26 7
33 -7
3 27
11 49
0 34
-36 36
14 -27
-45 -4
-25 -24
28 23
39 13
33 -7
26 -2
-7 -26
-9 -5
-37 -45
-43 -6
-21 -26
5 48
-31 -49
-37 -44
19 8
-27 -32
34 9
18 -40
-32 15
30 38
14 35
42 6
-35 5
-49 -17
-15 -25
-2 49
35 31
16 -9
-49 -35
-3 11
-18 -40
-27 -14
25 3
-11 47
12 -42
-21 24
-38 -20
42 -4
-2 19
-45 -3
-1 -34
16 18
-35 -19
-34 34
-48 -26
19 -19
-10 20
-5 -46
17 49
-20 41
-29 -16
-12 49
-6 10
-50 -28
41 24
29 32
-17 13
-1 -44
41 -38
46 -1
5 -37
12 -29
43 -20
-50 30
25 11
-13 19
0 36
-19 -2
-1 28
-41 -27
-50 -25
-11 -26
-18 -32
-12 7
14 39
33 9
41 -26
-40 -12
-47 -26
40 -25
-39 -48
-9 -22
-45 -38
7 47
-30 49
22 -8
-24 15
-44 -22
6 40
25 34
-24 8
4 12
-14 -13
-41 7
-35 49
-24 -43
-7 42
27 19
33 8
5 45
-39 -25
-29 -35
-11 -37
8 -9
-7 -14
27 -46
-26 25
-26 -2
-23 -34
32 -34
-9 -39
23 -35
17 0
-7 32
-23 -45
27 26
-48 -40
15 16
49 -38
-33 41
43 41
43 -37
-48 -6
-45 -44
39 6
28 -48
-35 -28
-20 -25
-45 50
-20 6
-13 -36
0 -22
33 -29
0 -13
11 -3
21 -1
-7 42
-10 34
14 40
12 19
-43 -22
47 -23
-29 11
-37 -26
23 5
-25 0
26 20
15 -25
-38 19
-15 -18
-49 42
-3 39
-49 -43
3 46
0 5
30 -16
-18 10
-19 47
-49 -20
-2 4
-40 -34
-50 -25
-18 -3
35 8
-6 45
33 -22
17 47
44 30
-28 10
-31 -4
-37 18
-5 8
36 -20
-28 42
-32 36
-20 2
-46 32
29 -31
-35 28
-28 -49
20 3
3 15
-22 45
41 32
31 -50
-28 -42
-9 -12
-20 -41
45 -8
-10 11